
------------------------------------------------------------------------------------------------
Timing  summary:                 #calls       avg(sec)     min(sec) minRank     max(sec) maxRank
------------------------------------------------------------------------------------------------
work                                  1        84.241       84.240       1       84.247       4
getgeometry                           7         1.975        1.944       0        2.041       4
reflect                               7         0.206        0.163       3        0.255       4
rtorder                               7        16.558       16.234       6       17.206       4
scheduler                             7         0.002        0.002       5        0.002       4
advanceRT                             7         6.843        6.811       1        6.876       6
_ZoneLoop0                            7         0.011        0.011       0        0.012       4
_snmoments1                           7         6.645        6.615       1        6.679       6
__snmoments                         352         0.017        0.016       0        0.020       4
_ZoneLoop2                            7         0.023        0.022       1        0.025       4
rtstrtsn                              7         0.110        0.107       3        0.115       4
_initialize                           7         0.020        0.018       3        0.022       7
_zoneaverage                          7         0.024        0.023       5        0.026       6
compton                               7         0.012        0.010       7        0.014       2
absorbrate                           38         0.104        0.099       0        0.115       4
material                             38         2.310        2.277       1        2.369       4
exch                                 31         1.721        1.608       2        1.791       3
rswpmd                               31        48.728       48.620       4       48.801       2
_setflux                             68         0.536        0.484       3        0.592       4
_initexch                            37         0.189        0.062       4        0.259       2
_anglebins                           37        47.441       47.192       0       47.610       7
__exch                              296         4.318        3.982       6        4.605       1
rtconi                               31         0.331        0.320       4        0.339       3
rtconv                               31         0.750        0.712       5        0.795       0
bdyedt                                7         0.639        0.639       0        0.639       7
