
------------------------------------------------------------------------------------------------
Timing  summary:                 #calls       avg(sec)     min(sec) minRank     max(sec) maxRank
------------------------------------------------------------------------------------------------
work                                  1        96.105       96.102       1       96.114       2
getgeometry                           7         4.198        4.147       0        4.292       2
reflect                               7         0.235        0.232       3        0.239       2
rtorder                               7        20.820       20.064       0       21.657       1
scheduler                             7         0.002        0.002       0        0.002       3
advanceRT                             7         7.265        7.264       1        7.267       2
_ZoneLoop0                            7         0.012        0.011       1        0.013       2
_snmoments1                           7         7.063        7.062       3        7.065       0
__snmoments                         344         0.022        0.020       3        0.025       2
_ZoneLoop2                            7         0.027        0.026       0        0.027       2
rtstrtsn                              7         0.263        0.260       0        0.265       2
_initialize                           7         0.044        0.042       2        0.045       0
_zoneaverage                          7         0.083        0.079       0        0.085       2
compton                               7         0.028        0.027       0        0.030       3
absorbrate                           37         0.109        0.101       1        0.116       2
material                             37         2.373        2.348       1        2.400       2
exch                                 30         1.247        1.220       3        1.264       0
rswpmd                               30        50.808       50.767       2       50.840       3
_setflux                             66         0.315        0.286       3        0.338       2
_initexch                            36         0.109        0.077       2        0.125       0
_anglebins                           36        49.959       49.833       2       50.081       3
__exch                              288         2.594        2.262       0        2.952       2
rtconi                               30         0.526        0.513       2        0.539       1
rtconv                               30         1.068        1.046       3        1.090       1
bdyedt                                7         1.079        1.079       2        1.080       3
