
------------------------------------------------------------------------------------------------
Timing  summary:                 #calls       avg(sec)     min(sec) minRank     max(sec) maxRank
------------------------------------------------------------------------------------------------
work                                  1       183.917      183.913      10      183.931       3
getgeometry                           7         5.844        5.753      13        5.910       5
reflect                               7         0.159        0.083      14        0.249      16
rtorder                               7        40.347       39.017      21       41.893       1
scheduler                             7         0.002        0.002      22        0.002      19
advanceRT                             7        10.142       10.120      15       10.189       2
_ZoneLoop0                            7         0.021        0.020       4        0.021       2
_snmoments1                           7         9.743        9.717      15        9.802       2
__snmoments                         416         0.029        0.027      20        0.053       3
_ZoneLoop2                            7         0.057        0.043       2        0.074       3
rtstrtsn                              7         0.341        0.334      18        0.368      14
_initialize                           7         0.061        0.057      12        0.082      14
_zoneaverage                          7         0.087        0.083       2        0.093      23
compton                               7         0.038        0.034       0        0.042      13
absorbrate                           45         0.174        0.146      17        0.201      13
material                             45         5.998        5.794       7        6.146       6
exch                                 38         6.569        5.532      20        7.364      10
rswpmd                               38        96.874       96.065      13       97.835      20
_setflux                             84         1.574        1.110      19        2.369      22
_initexch                            46         1.180        0.254      13        2.264      20
_anglebins                           46        91.741       89.544       0       93.369      14
__exch                              360        17.974       11.230      23       23.673      10
rtconi                               38         0.971        0.936      13        1.012      17
rtconv                               38         2.733        2.602       6        2.803       7
bdyedt                                7         1.310        1.309       0        1.311      10
