
------------------------------------------------------------------------------------------------
Timing  summary:                 #calls       avg(sec)     min(sec) minRank     max(sec) maxRank
------------------------------------------------------------------------------------------------
work                                  1       186.252      186.246       4      186.255       5
getgeometry                           7         2.952        2.897      23        3.112       7
reflect                               7         0.118        0.000      23        0.251       0
rtorder                               7        40.630       39.493      26       42.695      13
scheduler                             7         0.002        0.002      32        0.002      23
advanceRT                             7        10.438       10.247       5       10.582      24
_ZoneLoop0                            7         0.023        0.022       0        0.024      37
_snmoments1                           7         9.996        9.821       5       10.161      24
__snmoments                         424         0.024        0.020       0        0.034      27
_ZoneLoop2                            7         0.050        0.042      34        0.061      31
rtstrtsn                              7         0.177        0.163      23        0.213      30
_initialize                           7         0.031        0.029       0        0.033      40
_zoneaverage                          7         0.035        0.031      35        0.046      30
compton                               7         0.019        0.016      40        0.022      15
absorbrate                           46         0.258        0.194      12        0.323      22
material                             46         6.888        6.447       3        7.138      20
exch                                 39         8.199        5.523       0        9.769      26
rswpmd                               39       103.876      102.228      25      106.396      47
_setflux                             86         2.198        1.455       0        3.019      25
_initexch                            47         2.132        0.251      25        4.924      47
_anglebins                           47        96.474       93.532       0       98.261      27
__exch                              368        26.697       15.437      47       34.856      25
rtconi                               39         0.802        0.729      23        0.868      30
rtconv                               39         2.010        1.873      21        2.245       3
bdyedt                                7         0.837        0.836      18        0.837      10
