
------------------------------------------------------------------------------------------------
Timing  summary:                 #calls       avg(sec)     min(sec) minRank     max(sec) maxRank
------------------------------------------------------------------------------------------------
work                                  1       123.236      123.233      47      123.244      76
getgeometry                           7         1.976        1.937      25        2.132      12
reflect                               7         0.094        0.000      83        0.247      24
rtorder                               7        16.563       16.081      69       17.719      12
scheduler                             7         0.006        0.004      60        0.006      52
advanceRT                             7         6.813        6.623      29        6.880     123
_ZoneLoop0                            7         0.011        0.010     109        0.019      40
_snmoments1                           7         6.613        6.424      29        6.682      95
__snmoments                         508         0.027        0.021     116        0.041     110
_ZoneLoop2                            7         0.022        0.018      95        0.031      17
rtstrtsn                              7         0.111        0.105      52        0.121      84
_initialize                           7         0.020        0.018      98        0.022      97
_zoneaverage                          7         0.024        0.022      73        0.029      49
compton                               7         0.012        0.008      83        0.016      12
absorbrate                           53         0.143        0.130      86        0.177     116
material                             53         3.337        2.760      15        3.634     105
exch                                 46         5.224        2.726      24        7.096      52
rswpmd                               46        79.175       77.336      52       81.646       7
_setflux                            107         1.404        0.855     120        1.880      76
_initexch                            61         2.204        0.245      52        4.834     127
_anglebins                           61        73.937       73.159       0       74.574      81
__exch                              452        11.135        6.470       7       15.029      41
rtconi                               46         0.742        0.703       4        0.771      14
rtconv                               46         1.402        1.153     105        1.825      15
bdyedt                                7         0.642        0.641      28        0.643      27
