
------------------------------------------------------------------------------------------------
Timing  summary:                 #calls       avg(sec)     min(sec) minRank     max(sec) maxRank
------------------------------------------------------------------------------------------------
work                                  1       264.840      264.833      65      264.843     117
getgeometry                           7         2.945        2.889      43        3.003      92
reflect                               7         0.087        0.000     105        0.266     184
rtorder                               7        40.621       39.207      54       43.175     140
scheduler                             7         0.003        0.003      44        0.003      66
advanceRT                             7        10.423       10.159     123       10.652     124
_ZoneLoop0                            7         0.023        0.022      47        0.031     189
_snmoments1                           7        10.010        9.737     123       10.246     124
__snmoments                         632         0.039        0.032     156        0.063     103
_ZoneLoop2                            7         0.050        0.041      34        0.066     138
rtstrtsn                              7         0.177        0.162      35        0.205      83
_initialize                           7         0.031        0.028     130        0.034      30
_zoneaverage                          7         0.035        0.030      33        0.046      83
compton                               7         0.019        0.014      18        0.023     129
absorbrate                           65         0.280        0.226     128        0.346      43
material                             65        10.751        8.333      95       12.295     138
exch                                 58        14.027       10.077       0       17.602      85
rswpmd                               58       168.411      164.836      89      172.659      55
_setflux                            138         3.941        2.316      56        5.208     110
_initexch                            80         3.948        0.124      85        8.560      63
_anglebins                           80       155.992      147.217       0      158.776     114
__exch                              576        52.121       33.495     191       66.327      84
rtconi                               58         1.139        1.067      43        1.198      65
rtconv                               58         3.752        2.324      97        5.793     159
bdyedt                                7         0.837        0.836     111        0.838      83
