
------------------------------------------------------------------------------------------------
Timing  summary:                 #calls       avg(sec)     min(sec) minRank     max(sec) maxRank
------------------------------------------------------------------------------------------------
work                                  1       217.991      217.989      10      217.993      36
getgeometry                           7         2.943        2.889       5        3.050      82
reflect                               7         0.108        0.000      51        0.246      64
rtorder                               7        40.568       39.549      60       42.357       5
scheduler                             7         0.002        0.002       0        0.002      76
advanceRT                             7        10.409       10.248      36       10.544      41
_ZoneLoop0                            7         0.023        0.022      53        0.024      95
_snmoments1                           7         9.994        9.829      36       10.136      41
__snmoments                         508         0.030        0.024       5        0.048       0
_ZoneLoop2                            7         0.050        0.042      40        0.058      12
rtstrtsn                              7         0.177        0.162      81        0.207      36
_initialize                           7         0.031        0.029      49        0.034      40
_zoneaverage                          7         0.035        0.031      11        0.043      36
compton                               7         0.019        0.012      91        0.022      47
absorbrate                           53         0.212        0.187      35        0.274      42
material                             53         8.205        6.834       7        9.167      17
exch                                 46        10.237        7.097      88       13.458      52
rswpmd                               46       131.724      128.527      53      134.806      88
_setflux                            107         2.843        1.810      31        4.017      44
_initexch                            61         3.664        0.236      52        7.167      88
_anglebins                           61       120.552      114.559       0      123.690      45
__exch                              452        39.765       22.436      95       52.693      54
rtconi                               46         0.843        0.781      42        0.879       5
rtconv                               46         2.682        1.888      17        3.671       7
bdyedt                                7         0.838        0.837      31        0.839      16
