
------------------------------------------------------------------------------------------------
Timing  summary:                 #calls       avg(sec)     min(sec) minRank     max(sec) maxRank
------------------------------------------------------------------------------------------------
work                                  1       153.115      153.107       1      153.120       3
getgeometry                           7         5.725        5.644       5        5.778       0
reflect                               7         0.211        0.156       3        0.247       4
rtorder                               7        41.012       40.207       2       41.802       5
scheduler                             7         0.002        0.002       5        0.002       4
advanceRT                             7        10.120       10.108       3       10.139       2
_ZoneLoop0                            7         0.020        0.020       5        0.021       2
_snmoments1                           7         9.730        9.713       3        9.757       2
__snmoments                         352         0.024        0.022       2        0.030       3
_ZoneLoop2                            7         0.058        0.048       2        0.063       1
rtstrtsn                              7         0.339        0.336       1        0.342       3
_initialize                           7         0.060        0.058       1        0.062       4
_zoneaverage                          7         0.086        0.084       5        0.087       0
compton                               7         0.038        0.030       1        0.043       4
absorbrate                           38         0.231        0.221       0        0.239       3
material                             38         4.674        4.627       2        4.722       1
exch                                 31         2.572        2.250       5        2.974       3
rswpmd                               31        75.782       75.381       2       76.100       5
_setflux                             68         0.802        0.690       4        1.011       3
_initexch                            37         0.448        0.016       3        0.774       5
_anglebins                           37        73.274       72.417       0       73.814       3
__exch                              296         8.741        5.595       5       12.881       3
rtconi                               31         0.937        0.927       2        0.952       1
rtconv                               31         1.512        1.464       1        1.554       2
bdyedt                                7         1.336        1.334       5        1.336       3
