
------------------------------------------------------------------------------------------------
Timing  summary:                 #calls       avg(sec)     min(sec) minRank     max(sec) maxRank
------------------------------------------------------------------------------------------------
work                                  1       163.798      163.796      10      163.800       5
getgeometry                           7         2.944        2.906       4        2.996       5
reflect                               7         0.175        0.081       7        0.242       0
rtorder                               7        40.805       39.901       1       41.920       5
scheduler                             7         0.002        0.002       2        0.002       7
advanceRT                             7        10.407       10.340       8       10.471       6
_ZoneLoop0                            7         0.023        0.022       1        0.023       8
_snmoments1                           7         9.991        9.923       8       10.056       6
__snmoments                         392         0.024        0.019       8        0.047       6
_ZoneLoop2                            7         0.050        0.047       3        0.054       5
rtstrtsn                              7         0.178        0.168       7        0.188      10
_initialize                           7         0.031        0.030       9        0.033      11
_zoneaverage                          7         0.036        0.033       7        0.041      10
compton                               7         0.019        0.016       3        0.022       0
absorbrate                           43         0.326        0.317       4        0.344       9
material                             43         6.269        6.153       8        6.323      11
exch                                 36         3.959        3.257      10        4.620       7
rswpmd                               36        89.512       88.909       7       90.092       0
_setflux                             78         1.594        1.415       3        1.904       6
_initexch                            42         0.681        0.077       7        1.208      10
_anglebins                           42        85.752       84.327       0       86.457       5
__exch                              336        13.189        9.011      11       18.170       7
rtconi                               36         0.874        0.862       1        0.887      10
rtconv                               36         1.440        1.277      11        1.662       8
bdyedt                                7         0.834        0.834       8        0.835       1
