
------------------------------------------------------------------------------------------------
Timing  summary:                 #calls       avg(sec)     min(sec) minRank     max(sec) maxRank
------------------------------------------------------------------------------------------------
work                                  1        92.916       92.913     133       92.920     107
getgeometry                           7         3.837        3.768     156        4.107     191
reflect                               7         0.068        0.000     117        0.273     224
rtorder                               7        15.056       14.575      54       15.857      76
findexit                              7         3.804        2.844      76        4.486      54
_CommLoop1                           14         1.506        0.214       0        2.536     254
_CommLoop2                          112         0.317        0.183     252        0.394     134
scheduler                             7         0.002        0.002      44        0.002     136
advanceRT                             7         3.620        3.594     100        3.750      97
_ZoneLoop0                            7         0.009        0.009     116        0.010      18
_snmoments1                           7         3.501        3.475     100        3.634      97
__snmoments                         500         0.014        0.012     208        0.015      77
_ZoneLoop2                            7         0.018        0.015      97        0.020     246
rtstrtsn                              7         0.117        0.110     225        0.125      96
_initialize                           7         0.021        0.017     169        0.026     241
_zoneaverage                          7         0.019        0.018     120        0.022     163
compton                               7         0.015        0.007     209        0.020     237
absorbrate                           53         0.096        0.089      38        0.106     100
material                             53         3.235        2.920      51        3.507     148
exch                                 46         4.892        2.938       0        6.093     114
rswpmd                               46        53.899       52.684     114       55.848       0
_setflux                            105         1.462        0.848      31        1.758      69
_initexch                            59         1.401        0.140     113        3.666     224
_sweepoct                           444        49.922       48.775       0       50.350     218
__exch                              444        13.205       10.769      31       14.071     185
rtconi                               46         0.388        0.362     250        0.430     164
rtconv                               46         1.381        1.145     148        1.628      51
bdyedt                                7         0.514        0.512     224        0.514     165
