
------------------------------------------------------------------------------------------------
Timing  summary:                 #calls       avg(sec)     min(sec) minRank     max(sec) maxRank
------------------------------------------------------------------------------------------------
work                                  1        93.271       93.268      89       93.275       3
getgeometry                           7         3.840        3.775      89        4.023     174
reflect                               7         0.068        0.000     181        0.275     224
rtorder                               7        15.068       14.607      61       16.035      76
findexit                              7         3.874        2.752      76        4.524     102
_CommLoop1                           14         1.453        0.217       0        2.473     254
_CommLoop2                          112         0.317        0.181      28        0.394     106
scheduler                             7         0.002        0.002     111        0.002     184
advanceRT                             7         3.623        3.596     113        3.678      97
_ZoneLoop0                            7         0.009        0.009     106        0.010     111
_snmoments1                           7         3.504        3.477     173        3.561      97
__snmoments                         500         0.014        0.012     251        0.015     118
_ZoneLoop2                            7         0.018        0.015      71        0.020     166
rtstrtsn                              7         0.117        0.112     234        0.122     204
_initialize                           7         0.021        0.018     121        0.025      23
_zoneaverage                          7         0.020        0.018     236        0.022     112
compton                               7         0.015        0.010     167        0.019      23
absorbrate                           53         0.096        0.091     167        0.105     228
material                             53         3.233        2.915      51        3.549     116
exch                                 46         4.881        2.943       0        6.199     110
rswpmd                               46        53.943       52.616     109       55.876       0
_setflux                            105         1.472        0.865      31        1.816      49
_initexch                            59         1.459        0.116     110        3.591     224
_sweepoct                           444        49.898       48.992       0       50.261     218
__exch                              444        13.183       10.746     227       13.910     133
rtconi                               46         0.387        0.367     174        0.427      35
rtconv                               46         1.642        1.382     168        1.895     179
bdyedt                                7         0.517        0.516      33        0.517     128
