
------------------------------------------------------------------------------------------------
Timing  summary:                 #calls       avg(sec)     min(sec) minRank     max(sec) maxRank
------------------------------------------------------------------------------------------------
work                                  1       133.888      133.884     328      133.893     695
getgeometry                           7         3.849        3.784     789        3.997     764
reflect                               7         0.050        0.000     361        0.267     756
rtorder                               7        15.002       14.510     425       15.926     698
findexit                              7         4.418        3.403     698        4.981     610
_CommLoop1                           14         1.702        0.220       0        2.934     862
_CommLoop2                          112         0.339        0.180      11        0.398     361
scheduler                             7         0.003        0.003     518        0.003     600
advanceRT                             7         3.631        3.600     360        3.684     523
_ZoneLoop0                            7         0.009        0.009     646        0.010     570
_snmoments1                           7         3.512        3.482     360        3.555     453
__snmoments                         740         0.021        0.018     108        0.023     154
_ZoneLoop2                            7         0.018        0.015     575        0.022     803
rtstrtsn                              7         0.117        0.106     193        0.122     771
_initialize                           7         0.021        0.018     307        0.025     291
_zoneaverage                          7         0.019        0.018     854        0.022     339
compton                               7         0.015        0.009     524        0.020      21
absorbrate                           71         0.130        0.117     737        0.147     435
material                             71         4.467        3.490     695        5.068     349
exch                                 64         8.876        4.374      96       11.552     136
rswpmd                               64        87.907       85.216     136       92.391      96
_setflux                            163         2.504        1.302     107        3.169     627
_initexch                            99         2.821        0.050     136        7.804      96
_sweepoct                           684        80.413       77.468       0       81.548     138
__exch                              684        23.259       19.141     863       24.792     139
rtconi                               64         0.562        0.519     254        0.633     737
rtconv                               64         2.291        1.728     349        3.112     695
bdyedt                                7         0.515        0.514     700        0.516     744
